$ANSIBLE_VAULT;1.1;AES256
36373635336133393039623635333030633736323331393237383631316431323338623134653239
3238386535376131303434663032393463396365633164660a373739386531653763613635303433
30356430393138626632343630373464613238333939666134636561343336653664613561366630
3930663963346430350a373334393936376535613236626161623162323865623530303365393139
62613665336362336565613434383131363161623562386530643139613130306562373036666534
39636230316134383938663162663430373166323238306363343164303039623666366564666533
30353063356232383836386233383737666631623739326161636539663363613963616663316464
33356137653239633433373739663131626631356336383938376162363431383838383733326132
66636336623962323361363335623338613630616538353133333533306431356534646465303235
64333361316266373437323465323531643164303131323863666262613363316331633136646534
38636366383739633761343336343633353239633463636139363563343365613532313666373964
38623932356266623333666639333634356535613438323030336261363133313534646561343162
64616436326565393662336362313536373038636161313365333438386564366261
